0,6,13,20,26,33,39,45,52,58,64,69,75,80,85,90,95,99,103,107,110,114,116,119,121,123,125,126,127,127,128,
127,127,126,125,123,121,119,116,114,110,107,103,99,95,90,85,80,75,69,64,58,52,45,39,33,26,20,13,6
0,-7,-14,-21,-27,-34,-40,-46,-53,-59,-64,-70,-76,-81,-86,-91,-96,-100,-104,-108,-111,-115,-117,-120
-122,-124,-126,-127,-128,-128,-128,-128,-128,-127,-126,-124,-122,-120,-117,-115,-111,-108,-104,-100,-96,-91
-86,-81,-76,-70,-65,-59,-53,-46,-40,-34,-27,-21,-14,-7



0,3,6,10,13,16,19,22,26,29,32,34,37,40,42,45,47,49,51,53,55,57,58,59,60,61,62,63,63,63,64,63,63,63,62,61,60,59,58,57
55,53,51,49,47,45,42,40,37,34,32,29,26,22,19,16,13,10,6,3,0,-4,-7,-11,-14,-17,-20,-23,-27,-30,-32,-35,-38,-41,-43,-46,-48,-50,-52,-54
-56,-58,-59,-60,-61,-62,-63,-64,-64,-64,-64,-64,-64,-64,-63,-62,-61,-60,-59,-58
-56,-54,-52,-50,-48,-46,-43,-41,-38,-35,-32,-30,-27,-23,-20,-17,-14,-11,-7,-4
